0 2.000000 1.000000 Cherry 1
0 2.000000 1.000000 Cherry 1
0 2.000000 1.000000 Cherry 1
0 2.000000 1.000000 Cherry 1
0 2.000000 1.000000 Cherry 1
0 2.000000 1.000000 Cherry 1
0 2.000000 1.000000 Cherry 1
0 2.000000 1.000000 Cherry 1
0 2.000000 1.000000 Cherry 1
0 2.000000 1.000000 Cherry 1
0 2.000000 1.000000 Cherry 1
0 2.000000 1.000000 Cherry 1
0 2.000000 1.000000 Cherry 1
0 2.000000 1.000000 Cherry 1
0 2.000000 1.000000 Cherry 1
0 2.000000 1.000000 Cherry 1
0 2.000000 1.000000 Cherry 1
0 2.000000 1.000000 Cherry 1
2 3.000000 2.000000 1.000000
2 3.000000 2.000000 1.000000
2 3.000000 2.000000 1.000000
2 3.000000 2.000000 1.000000
0 2.000000 1.000000 Cherry 1
0 2.000000 1.000000 Cherry 1
0 2.000000 1.000000 Cherry 1
0 2.000000 1.000000 Cherry 1
0 2.000000 1.000000 Cherry 1
0 2.000000 1.000000 Cherry 1
0 2.000000 1.000000 Cherry 1
0 2.000000 1.000000 Cherry 1
0 2.000000 1.000000 Cherry 1
0 2.000000 1.000000 Cherry 1